0000000000002666666666666
0000000000002666666666666
0000000000002666666666666
0000000000002666666666666
0000000000002666666666666
0000000000002666666666666
0000000000002666666666666
0000000000002666666666666
0000000000006666666666666
0000000000002222222222222
0000000000002000000000000
0000000000002000011111111
0000000000002000000000000
0000000000002000011111111
0022222222222000000000000
0000000004452000011111111
0000000000002000000000000
0000000000002000011111111
0000000000002000000000000
0000000000002000011111111